(19, -98), (-61, 32), (93, 77), (-25, -11)
(-39, -78), (0, 11), (34, -53), (27, 99), (34, -88), (77, -44), (13, -93)
(-90, -4), (-59, 5), (-75, 76), (-9, -18), (2, -1)
(26, 99), (-66, -52), (-25, 30), (-91, 65), (-80, -28), (47, 94)
(-96, -42), (-72, 55), (6, 71)
(-95, 95), (26, 22), (-3, 36)
(-36, 84), (69, 39), (98, -88), (98, 21), (28, 65), (-15, 36), (-53, -53)
(87, -60), (-38, 1), (-64, 0), (66, 47), (35, 75), (31, -2)
(30, -27), (11, 51), (39, 59), (45, 81), (-50, 32), (48, 82)
(-17, 30), (-37, -31), (69, 24)
(-43, -92), (-15, -41), (95, -1), (-31, -3), (-64, -66), (63, -33)
(-32, 90), (-45, -47), (34, 97), (-13, 2), (67, 36)
(13, 19), (-69, -83), (-64, -16), (-35, -94), (-94, 44)
(22, 88), (-49, 56), (-60, -10), (-53, 44)
(68, -19), (-32, 37), (-8, -25)
(35, 72), (-63, -49), (-10, -29)
(46, -24), (-33, -49), (-39, 51), (68, 57), (-40, 68), (95, -33), (-33, -99)
(57, 96), (-46, -78), (20, 39), (-69, -50), (-7, 24), (61, -25), (30, -67)
(-7, 82), (-49, -89), (5, -21), (72, -62), (85, 93), (-52, -89), (-79, -1)
(-75, -93), (-93, 57), (-85, -60), (96, -33), (50, -63), (14, -75)
(27, 0), (-25, -63), (24, -10), (-25, -88), (-84, -45), (-5, -2), (84, 57)
(-71, -29), (28, -90), (50, 51), (-1, 53)
(73, -82), (29, -4), (14, 0), (73, 91)
(97, 11), (-16, 17), (-90, -14), (31, -76)
(-92, 51), (11, -42), (-70, -18), (27, -62), (-21, 9), (3, -26)